# row col lev
1 0 0
3 0 0
5 0 0
7 0 0
9 0 0
11 0 0
13 0 0
1 2 0
1 4 0
1 6 0
1 8 0 
1 10 0
1 12 0
3 12 0
5 12 0
7 12 0
9 12 0
11 12 0
13 12 0
13 2 0
13 4 0
13 6 0
13 8 0
13 10 0
2 0 1
4 0 1
6 0 1
8 0 1
10 0 1
12 0 1
1 2 1
1 4 1
1 6 1
1 8 1
1 10 1
2 12 1
4 12 1
6 12 1
8 12 1
10 12 1
12 12 1
13 2 1
13 4 1
13 6 1
13 8 1
13 10 1
3 0 2
5 0 2
7 0 2
9 0 2
11 0 2
3 12 2
5 12 2
9 12 2
11 12 2
1 3 2
1 5 2
1 7 2
1 9 2
13 3 2
13 5 2
13 7 2
13 9 2
4 3 0
6 3 0
8 3 0
10 3 0
10 5 0
10 7 0
10 9 0
8 9 0
6 9 0
4 9 0
4 7 0
4 5 0
4 5 1
4 7 1
5 9 1
7 9 1
9 9 1
10 7 1
10 5 1
9 3 1
7 3 1
5 3 1
7 6 0
5 14 0
7 14 0
9 14 0
6 16 0
8 16 0
6 14 1
8 14 1
7 18 0
7 20 0
7 22 0
7 24 0
7 26 0
7 28 0
7 30 0
7 16 1
7 18 1
7 20 1
7 22 1
7 24 1
7 26 1
7 28 1
7 30 1
7 13 2
7 15 2
7 17 2
7 19 2
7 21 2
7 23 2
7 25 2
7 27 2
5 21 0
5 23 0
5 25 0
3 21 0
9 21 0
9 23 0
9 25 0
11 21 0
5 21 1
5 23 1
5 25 1
3 21 1
9 21 1
9 23 1
9 25 1
11 21 1
0 19 0
1 21 0
2 23 0
3 25 0
4 27 0
5 29 0
9 29 0
10 27 0
11 25 0
12 23 0
13 21 0
14 19 0
