0 2 0
0 4 0
2 3 0
2 5 0
4 4 0
4 6 0
5 8 0
5 10 0
6 12 0
8 12 0
9 10 0
9 8 0
10 6 0
10 4 0
12 5 0
12 3 0
14 4 0
14 2 0
0 28 0
0 26 0
2 27 0
2 25 0
4 26 0
4 24 0
5 22 0
5 20 0
6 18 0
8 18 0
9 20 0
9 22 0
10 24 0
10 26 0
12 25 0
12 27 0
14 26 0
14 28 0
0 2 1
0 4 1
2 3 1
2 5 1
4 4 1
4 6 1
5 8 1
5 10 1
6 12 1
8 12 1
9 10 1
9 8 1
10 6 1
10 4 1
12 5 1
12 3 1
14 4 1
14 2 1
0 28 1
0 26 1
2 27 1
2 25 1
4 26 1
4 24 1
5 22 1
5 20 1
6 18 1
8 18 1
9 20 1
9 22 1
10 24 1
10 26 1
12 25 1
12 27 1
14 26 1
14 28 1
0 9 0
0 11 0
0 13 0
0 15 0
0 17 0
0 19 0
0 21 0
0 10 1
0 12 1
0 14 1
0 16 1
0 18 1
0 20 1
0 13 2
0 15 2
0 17 2
14 9 0
14 11 0
14 13 0
14 15 0
14 17 0
14 19 0
14 21 0
14 10 1
14 12 1
14 14 1
14 16 1
14 18 1
14 20 1
14 13 2
14 15 2
14 17 2
3 0 0
5 0 0
7 0 0
9 0 0
11 0 0
4 0 1
6 0 1
8 0 1
10 0 1
7 0 2
3 30 0
5 30 0
7 30 0
9 30 0
11 30 0
4 30 1
6 30 1
8 30 1
10 30 1
7 30 2
3 15 0
5 15 0
7 15 0
9 15 0
11 15 0
4 13 0
4 17 0
10 13 0
10 17 0
4 14 1
4 16 1
10 14 1
10 16 1
6 15 1
8 15 1
4 15 2
6 15 2
8 15 2
10 15 2
7 15 3
