0 2 0
0 4 0
0 6 0
0 8 0
0 10 0
0 12 0
2 0 0
4 0 0
6 0 0
8 0 0
10 0 0
12 0 0
2 14 0
4 14 0
6 14 0
8 14 0
10 14 0
12 14 0
14 2 0
14 4 0
14 6 0
14 8 0
14 10 0
14 12 0
2 2 0
2 4 0
2 6 0
2 8 0
2 10 0
2 12 0
4 2 0
4 12 0
6 2 0
6 12 0
8 2 0
8 12 0
10 2 0
10 12 0
12 2 0
12 4 0
12 6 0
12 8 0
12 10 0
12 12 0
4 4 0
4 6 0
4 8 0
4 10 0
6 4 0
6 10 0
8 4 0
8 10 0
10 4 0
10 6 0
10 8 0
10 10 0
2 2 1
2 4 1
2 6 1
2 8 1
2 10 1
2 12 1
4 2 1
4 12 1
6 2 1
6 12 1
8 2 1
8 12 1
10 2 1
10 12 1
12 2 1
12 4 1
12 6 1
12 8 1
12 10 1
12 12 1
4 4 1
4 6 1
4 8 1
4 10 1
6 4 1
6 10 1
8 4 1
8 10 1
10 4 1
10 6 1
10 8 1
10 10 1
2 2 2
2 4 2
2 6 2
2 8 2
2 10 2
2 12 2
4 2 2
4 12 2
6 2 2
6 12 2
8 2 2
8 12 2
10 2 2
10 12 2
12 2 2
12 4 2
12 6 2
12 8 2
12 10 2
12 12 2
4 4 2
4 6 2
4 8 2
4 10 2
6 4 2
6 10 2
8 4 2
8 10 2
10 4 2
10 6 2
10 8 2
10 10 2
4 4 3
4 6 3
4 8 3
4 10 3
6 4 3
6 10 3
8 4 3
8 10 3
10 4 3
10 6 3
10 8 3
10 10 3
4 4 4
4 6 4
4 8 4
4 10 4
6 4 4
6 10 4
8 4 4
8 10 4
10 4 4
10 6 4
10 8 4
10 10 4
