# `dog' layout, from Chinese zodiac set
# by Todd Michel McComb <mccomb@medieval.org>
	0	10	0
	0	12	0
	0	14	0
	0	16	0
	0	18	0
	2	2	0
	2	4	0
	2	6	0
	2	8	0
	2	10	0
	2	12	0
	2	14	0
	2	16	0
	2	18	0
	2	20	0
	2	22	0
	2	24	0
	2	26	0
	4	0	0
	4	2	0
	4	4	0
	4	8	0
	4	10	0
	4	14	0
	4	18	0
	4	20	0
	4	24	0
	4	26	0
	4	28	0
	6	0	0
	6	2	0
	6	4	0
	6	8	0
	6	10	0
	6	12	0
	6	14	0
	6	16	0
	6	18	0
	6	20	0
	6	24	0
	6	26	0
	6	28	0
	8	2	0
	8	4	0
	8	10	0
	8	12	0
	8	16	0
	8	18	0
	8	24	0
	8	26	0
	10	2	0
	10	4	0
	10	10	0
	10	12	0
	10	14	0
	10	16	0
	10	18	0
	10	24	0
	10	26	0
	12	14	0
	14	12	0
	14	14	0
	0	10	1
	0	12	1
	0	14	1
	0	16	1
	0	18	1
	2	3	1
	2	5	1
	2	10	1
	2	12	1
	2	14	1
	2	16	1
	2	18	1
	2	23	1
	2	25	1
	3	8	1
	3	20	1
	4	1	1
	4	3	1
	4	10	1
	4	14	1
	4	18	1
	4	25	1
	4	27	1
	5	8	1
	5	20	1
	6	1	1
	6	3	1
	6	10	1
	6	12	1
	6	14	1
	6	16	1
	6	18	1
	6	25	1
	6	27	1
	8	3	1
	8	10	1
	8	12	1
	8	16	1
	8	18	1
	8	25	1
	10	3	1
	10	10	1
	10	12	1
	10	14	1
	10	16	1
	10	18	1
	10	25	1
	0	13	2
	0	15	2
	2	4	2
	2	10	2
	2	12	2
	2	14	2
	2	16	2
	2	18	2
	2	24	2
	4	2	2
	4	8	2
	4	10	2
	4	14	2
	4	18	2
	4	20	2
	4	26	2
	6	2	2
	6	10	2
	6	12	2
	6	14	2
	6	16	2
	6	18	2
	6	26	2
	8	11	2
	8	17	2
	10	11	2
	10	13	2
	10	15	2
	10	17	2
	2	11	3
	2	13	3
	2	15	3
	2	17	3
	4	9	3
	4	19	3
