1 2 0
0 4 0
0 6 0
1 8 0
1 10 0
0 12 0
0 14 0
0 16 0
1 18 0
1 20 0
0 22 0
0 24 0
1 26 0
3 27 0
5 27 0
7 26 0
7 28 0
9 27 0
11 27 0
13 26 0
14 24 0
14 22 0
13 20 0
13 18 0
14 16 0
14 14 0
14 12 0
13 10 0
13 8 0
14 6 0
14 4 0
13 2 0
11 1 0
9 1 0
7 0 0
7 2 0
5 1 0
3 1 0

1 2 1
0 4 1
0 6 1
1 8 1
1 10 1
0 12 1
0 14 1
0 16 1
1 18 1
1 20 1
0 22 1
0 24 1
1 26 1
3 27 1
5 27 1
7 26 1
7 28 1
9 27 1
11 27 1
13 26 1
14 24 1
14 22 1
13 20 1
13 18 1
14 16 1
14 14 1
14 12 1
13 10 1
13 8 1
14 6 1
14 4 1
13 2 1
11 1 1
9 1 1
7 0 1
7 2 1
5 1 1
3 1 1

2 5 0
2 23 0
12 5 0
12 23 0
7 9 0
7 19 0

4 12 0
4 10 0
5 8 0
5 6 0
6 4 0
8 4 0
9 6 0
9 8 0
10 10 0
10 12 0
4 16 0
4 18 0
5 20 0
5 22 0
6 24 0
8 24 0
9 22 0
9 20 0
10 18 0
10 16 0
7 11 0
7 13 0
7 15 0
7 17 0

4 12 1
4 10 1
5 8 1
5 6 1
6 4 1
8 4 1
9 6 1
9 8 1
10 10 1
10 12 1
4 16 1
4 18 1
5 20 1
5 22 1
6 24 1
8 24 1
9 22 1
9 20 1
10 18 1
10 16 1
7 11 1
7 13 1
7 15 1
7 17 1

5 8 2
4 10 2
4 12 2
4 16 2
4 18 2
5 20 2
9 20 2
10 18 2
10 16 2
10 12 2
10 10 2
9 8 2
7 13 2
7 15 2
