# `horse' layout, from Chinese zodiac set
# by Todd Michel McComb <mccomb@medieval.org>
	0	28	0
	1	18	0
	1	20	0
	1	22	0
	1	26	0
	2	24	0
	3	2	0
	3	4	0
	3	14	0
	3	16	0
	3	20	0
	3	22	0
	4	12	0
	5	0	0
	5	4	0
	5	6	0
	5	8	0
	5	10	0
	5	14	0
	5	16	0
	5	18	0
	5	20	0
	5	22	0
	5	24	0
	6	12	0
	7	0	0
	7	2	0
	7	4	0
	7	6	0
	7	8	0
	7	10	0
	7	14	0
	7	16	0
	7	18	0
	7	20	0
	7	22	0
	7	24	0
	8	12	0
	9	0	0
	9	4	0
	9	6	0
	9	8	0
	9	10	0
	9	14	0
	9	16	0
	9	18	0
	9	20	0
	9	22	0
	9	24	0
	10	12	0
	11	2	0
	11	4	0
	11	14	0
	11	16	0
	11	20	0
	11	22	0
	12	24	0
	13	18	0
	13	20	0
	13	22	0
	13	26	0
	14	28	0
	1	18	1
	1	20	1
	1	22	1
	2	24	1
	3	2	1
	3	14	1
	3	16	1
	3	20	1
	3	22	1
	4	12	1
	5	0	1
	5	4	1
	5	14	1
	5	16	1
	5	18	1
	5	20	1
	5	22	1
	6	8	1
	6	10	1
	6	12	1
	7	0	1
	7	2	1
	7	4	1
	7	14	1
	7	16	1
	7	18	1
	7	20	1
	7	22	1
	7	24	1
	8	8	1
	8	10	1
	8	12	1
	9	0	1
	9	4	1
	9	14	1
	9	16	1
	9	18	1
	9	20	1
	9	22	1
	10	12	1
	11	2	1
	11	14	1
	11	16	1
	11	20	1
	11	22	1
	12	24	1
	13	18	1
	13	20	1
	13	22	1
	1	19	2
	3	14	2
	3	16	2
	3	20	2
	3	22	2
	5	14	2
	5	16	2
	5	18	2
	5	20	2
	5	22	2
	6	12	2
	7	14	2
	7	16	2
	7	18	2
	7	20	2
	7	22	2
	8	12	2
	9	14	2
	9	16	2
	9	18	2
	9	20	2
	9	22	2
	11	14	2
	11	16	2
	11	20	2
	11	22	2
	13	19	2
	6	16	3
	6	18	3
	6	20	3
	8	16	3
	8	18	3
	8	20	3
