# `monkey' layout, from Chinese zodiac set
# by Todd Michel McComb <mccomb@medieval.org>
	0	0	0
	0	2	0
	0	4	0
	0	6	0
	0	18	0
	0	20	0
	0	28	0
	2	0	0
	2	6	0
	2	8	0
	2	10	0
	2	16	0
	2	18	0
	2	26	0
	2	28	0
	4	0	0
	4	2	0
	4	10	0
	4	12	0
	4	14	0
	4	16	0
	4	26	0
	6	8	0
	6	10	0
	6	12	0
	6	14	0
	6	16	0
	6	18	0
	6	20	0
	6	26	0
	7	6	0
	8	8	0
	8	10	0
	8	12	0
	8	14	0
	8	16	0
	8	20	0
	8	22	0
	8	26	0
	10	0	0
	10	2	0
	10	10	0
	10	14	0
	10	22	0
	10	26	0
	12	2	0
	12	8	0
	12	10	0
	12	14	0
	12	18	0
	12	22	0
	12	24	0
	12	26	0
	14	2	0
	14	4	0
	14	6	0
	14	8	0
	14	14	0
	14	16	0
	14	18	0
	0	2	1
	0	4	1
	1	0	1
	1	6	1
	1	18	1
	1	28	1
	2	8	1
	2	10	1
	2	16	1
	3	0	1
	3	26	1
	4	10	1
	4	12	1
	4	14	1
	4	16	1
	5	26	1
	6	8	1
	6	10	1
	6	12	1
	6	14	1
	6	16	1
	6	18	1
	7	20	1
	7	26	1
	8	8	1
	8	10	1
	8	12	1
	8	14	1
	8	16	1
	9	22	1
	9	26	1
	10	10	1
	11	2	1
	11	14	1
	11	22	1
	11	26	1
	12	10	1
	12	24	1
	13	2	1
	13	8	1
	14	4	1
	14	6	1
	14	15	1
	14	17	1
	0	3	2
	2	0	2
	4	10	2
	4	12	2
	4	14	2
	4	16	2
	4	26	2
	6	9	2
	6	11	2
	6	13	2
	6	15	2
	6	17	2
	6	26	2
	8	10	2
	8	12	2
	8	14	2
	8	16	2
	8	26	2
	10	22	2
	10	26	2
	12	2	2
	14	5	2
	14	16	2
	4	10	3
	4	12	3
	4	14	3
	4	16	3
	5	26	3
	6	10	3
	6	12	3
	6	14	3
	6	16	3
	7	26	3
	8	10	3
	8	12	3
	8	14	3
	8	16	3
	9	26	3
	6	26	4
	8	26	4
