# `ox' layout, from Chinese zodiac set
# by Todd Michel McComb <mccomb@medieval.org>
	0	4	0
	0	6	0
	0	24	0
	0	26	0
	2	4	0
	2	6	0
	2	8	0
	2	10	0
	2	20	0
	2	22	0
	2	24	0
	2	26	0
	3	14	0
	4	1	0
	4	6	0
	4	8	0
	4	10	0
	4	12	0
	4	16	0
	4	18	0
	4	20	0
	4	22	0
	4	24	0
	5	14	0
	6	2	0
	6	4	0
	6	6	0
	6	8	0
	6	10	0
	6	12	0
	6	16	0
	6	18	0
	6	20	0
	6	22	0
	6	24	0
	7	0	0
	7	14	0
	7	26	0
	8	2	0
	8	4	0
	8	6	0
	8	8	0
	8	10	0
	8	12	0
	8	16	0
	8	18	0
	8	20	0
	8	22	0
	8	24	0
	9	14	0
	10	1	0
	10	6	0
	10	8	0
	10	10	0
	10	12	0
	10	16	0
	10	18	0
	10	20	0
	10	22	0
	10	24	0
	11	14	0
	12	4	0
	12	6	0
	12	8	0
	12	10	0
	12	20	0
	12	22	0
	12	24	0
	12	26	0
	14	4	0
	14	6	0
	14	24	0
	14	26	0
	1	5	1
	1	25	1
	4	8	1
	4	10	1
	4	12	1
	4	14	1
	4	16	1
	4	18	1
	4	20	1
	4	22	1
	6	2	1
	6	4	1
	6	6	1
	6	8	1
	6	10	1
	6	12	1
	6	14	1
	6	16	1
	6	18	1
	6	20	1
	6	22	1
	6	24	1
	8	2	1
	8	4	1
	8	6	1
	8	8	1
	8	10	1
	8	12	1
	8	14	1
	8	16	1
	8	18	1
	8	20	1
	8	22	1
	8	24	1
	10	8	1
	10	10	1
	10	12	1
	10	14	1
	10	16	1
	10	18	1
	10	20	1
	10	22	1
	13	5	1
	13	25	1
	4	14	2
	4	16	2
	4	18	2
	6	10	2
	6	12	2
	6	14	2
	6	16	2
	6	18	2
	6	20	2
	6	22	2
	7	2	2
	8	10	2
	8	12	2
	8	14	2
	8	16	2
	8	18	2
	8	20	2
	8	22	2
	10	14	2
	10	16	2
	10	18	2
	6	14	3
	6	16	3
	6	18	3
	8	14	3
	8	16	3
	8	18	3
