1 1 0
1 3 0
9 1 0
9 3 0
8 6 0
8 8 0
0 6 0
0 8 0
0 10 0
0 12 0
0 14 0
6 0 0
6 20 0
10 5 0
10 7 0
10 15 0
3 1 0
3 3 0
2 5 0
2 7 0
2 9 0
2 11 0
2 13 0
2 15 0
4 6 0
4 8 0
4 10 0
4 12 0
4 14 0
12 12 0
12 14 0
12 10 0
12 8 0
12 6 0
5 2 0
7 2 0
5 4 0
7 4 0
6 6 0
6 8 0
6 10 0
6 12 0
6 14 0
8 10 0
8 12 0
8 14 0
9 17 0
9 19 0
11 17 0
11 19 0
1 17 0
1 19 0
3 19 0
3 17 0
5 16 0
7 16 0
7 18 0
5 18 0
10 9 0
10 11 0
10 13 0
11 1 0
11 3 0
1 9 1
1 11 1
0 13 1
11 9 1
11 11 1
12 13 1
12 7 1
0 7 1
5 7 1
7 7 1
5 9 1
7 9 1
5 11 1
7 11 1
5 13 1
7 13 1
2 6 1
2 4 1
2 2 1
4 5 1
6 5 1
8 5 1
4 3 1
6 3 1
8 3 1
3 12 1
3 10 1
3 8 1
2 18 1
2 16 1
2 14 1
4 15 1
6 15 1
8 15 1
4 17 1
6 17 1
8 17 1
9 12 1
9 10 1
9 8 1
10 18 1
10 16 1
10 14 1
10 6 1
10 4 1
10 2 1
6 4 2
6 6 2
6 8 2
6 10 2
6 12 2
6 14 2
6 16 2
4 5 2
4 7 2
4 9 2
4 11 2
4 13 2
4 15 2
8 5 2
8 7 2
8 9 2
8 11 2
8 13 2
8 15 2
5 7 3
7 7 3
5 9 3
7 9 3
5 11 3
7 11 3
5 13 3
7 13 3
6 15 3
6 5 3
6 10 4
6 12 4
6 8 4
6 11 5
6 9 5
6 10 6
# from Johannes Schőőn, schoon@pucko.hsva.de
